012101
012102
012103
012104
012105
012106
012107
012108
012109
012110
012111
012112
012201
012202
012203
012204
012205
012206
012207
012208
012209
012210
012211
012301
012302
012303
012304
012305
012306
012307
012308
012309
012310
012311
012312
012401
012402
012403
012404
012405
012406
012407
012408
012409
012410
012411
012412
012501
012502
012503
012504
012505
012506
012507
012508
012509
012510
012511
012512
012601
012602
012603
012604
012605
012606
012607
012609
012610
012611
012612
012613
012701
012702
012703
012704
012705
012706
012707
012708
012709
012710
012711
012712
012801
012802
