100 100
0 0 0 0 0 0 0 0 0 1 1 1 1 1 2 2 2 2 2 2 2 2 2 2 3 3 4 4 4 4 5 5 5 5 5 5 5 5 5 6 6 7 7 8 8 8 8 8 8 8 8 8 8 9 9 9 9 9 9 10 10 10 10 10 10 11 11 11 11 11 11 11 11 11 11 12 12 12 12 12 12 12 12 12 13 13 13 13 13 13 14 14 14 14 14 14 15 15 16 16 
F 92 1
C 8 14
F 79 9
C 6 13
F 73 2
C 0 5
F 85 15
C 10 12
F 83 2
C 8 11
F 61 0
C 10 11
F 12 4
C 3 4
F 75 4
C 4 13
F 70 12
C 8 15
F 26 14
C 5 6
F 34 5
C 3 14
F 21 13
C 1 8
F 37 9
C 1 2
F 46 11
C 9 14
F 80 13
C 4 9
F 14 8
C 3 7
F 89 11
C 6 11
F 98 11
C 7 15
F 17 10
C 7 11
F 36 8
C 2 5
F 78 3
C 3 13
F 7 13
C 3 9
F 83 8
C 15 15
F 97 2
C 2 9
F 54 9
C 14 15
F 57 5
C 1 1
F 100 9
C 9 12
F 86 12
C 14 15
F 84 2
C 14 14
F 68 1
C 12 13
F 14 11
C 4 14
F 39 7
C 15 15
F 97 13
C 2 8
F 20 4
C 9 10
F 18 3
C 9 13
F 96 8
C 1 11
F 99 15
C 12 13
F 38 8
C 2 10
F 29 6
C 4 14
F 42 3
C 13 15
F 18 0
C 2 2
F 89 11
C 6 13
F 63 0
C 15 15
F 85 1
C 12 14
F 49 8
C 11 13
F 22 13
C 12 13
F 76 0
C 7 7
F 25 4
C 14 15
F 89 0
C 9 9
F 73 15
C 9 15
