120
0 0
-288842 723724
-447825 865828
-480440 590081
-616820 323731
-353525 352714
-134568 703995
-353968 692993
-371165 625893
-226951 867077
-315817 106061
-653896 185692
-225187 96743
-604069 99336
-88336 850388
-636026 403932
-182215 654833
-447539 924615
115361 574129
-193283 532427
-767449 104234
-616834 536874
-693504 556316
139468 490222
-61782 191979
-270716 900155
-261296 167258
67236 610441
-286485 579257
-262249 794461
-559535 335338
-573313 90278
-186925 986253
-264952 40735
-550326 33216
-289046 937039
-832281 79198
-209237 569159
-737280 402707
-713903 538559
-578259 464571
-661479 82417
-534431 660839
-829703 679191
-128444 993201
-96599 342638
-312812 206763
139040 724441
-556933 547195
18621 286383
-394869 175541
8062 594235
-95442 629540
-121980 303915
-718143 263677
-669846 555040
-162405 691185
-448073 869164
-794879 302456
-188145 384513
-589654 650220
10019 48167
-344002 597250
-715133 731859
-583945 866530
-415466 99833
-318216 199720
-105006 125768
-731890 286634
-139125 394289
-38713 43235
-380140 944721
-230700 989354
-454129 698908
-459331 476809
-542116 719327
-495971 204397
-385187 408536
-261037 189979
-347958 970394
-506676 791905
-364455 950529
-309328 84851
-764043 313956
-807458 758034
-280297 282790
-831882 130473
-446710 724883
57632 302760
41127 90368
-397436 626192
-745639 295296
-707914 810187
-313633 199367
-32468 563738
76658 880537
-186005 908656
-611974 717299
-140524 813896
-116758 208686
-10206 778243
-605673 110103
-623108 629647
66715 895507
-21249 693587
-286628 609351
-326644 899763
-759450 801222
-11300 880211
-33486 639200
-560567 251543
-382865 883490
-20343 315353
-742811 571731
-794264 106622
-244461 372542
-368243 679899
-461286 169969
-477896 21278
-142613 842091
